3527
5790
6549
10355
10749
11556
12189
13457
18260
23511
26719
30183
30200
30439
30470
31579
33277
36625
37329
38057
38760
42615
43829
43956
44519
47090
47174
47355
49044
49535
49563
50116
50212
50862
51196
51812
52458
52729
53149
55431
55994
56659
57653
59148
59566
61762
62865
63254
64339
64412
64505
66864
67727
68044
69251
69714
70397
70781
71314
71435
72273
72912
73116
73806
74285
74616
75647
75947
76455
76689
76860
77379
77624
78050
78714
79370
79769
80385
80679
81421
82896
83939
84256
85920
86337
86367
86742
86951
87218
87584
88102
88132
88978
89120
89365
89521
89789
90550
91322
92064
92575
92580
92778
94232
94842
94854
95160
95388
95411
95724
96052
96683
97000
97838
97844
97874
97900
98093
98709
99250
99647
100203
100641
100878
101131
101190
101406
101740
102496
102948
103342
104029
104147
104914
105439
105774
107081
107504
107534
108035
109019
109984
110308
110721
111050
111338
111479
111536
111857
112003
112100
112112
113788
115262
115695
116073
116425
116742
117452
118113
118411
119854
122726
123127
123666
124558
124657
125615
126143
126147
126156
126379
128046
128744
129632
129830
130340
130501
130765
130860
131017
132205
132377
132720
133141
133682
135082
135294
135482
136727
136821
136931
138124
138269
139009
139445
140404
141046
141256
141412
141522
142290
142905
143012
143190
143551
143595
144386
144430
144536
144636
144744
144863
145411
145662
145939
146342
147762
149305
149595
150493
150767
151065
152034
152330
152432
152716
153028
153976
154241
154409
154500
154934
155193
155471
155712
156807
157039
157089
157384
157508
157589
157748
158442
158731
158991
159333
159384
159488
161379
163097
163408
164217
165518
165569
165601
165845
166093
166390
166747
167017
167923
169541
169555
170497
171070
171251
172031
172671
173456
173599
173795
174067
174295
174340
174568
174943
175269
175530
175888
176006
176165
176183
177427
177692
177743
178351
178361
179559
179568
179903
181833
182723
183922
184277
184479
184582
184589
185752
185781
185886
187540
188167
188768
189415
190004
190680
191490
191723
192383
192704
193180
193210
193546
194747
195540
195651
196026
196306
196408
196450
196541
196998
197936
198384
200890
201129
202251
202683
202967
203054
203420
203729
203807
204106
204504
205167
206386
206786
207648
208015
208528
209102
211205
211310
211428
211586
213334
213534
213759
213823
214288
214660
215379
215458
215703
215821
215825
215947
215972
216002
216826
216938
217442
218099
219528
220484
220609
220631
220943
220985
221273
221291
221380
221486
222582
222616
223557
224036
225252
225861
225953
226998
228269
228606
229161
229233
229637
229693
230359
230943
231189
231527
232328
232397
232577
233089
233554
234084
234629
234641
234654
234789
235377
235865
236024
236053
236901
237204
237364
237870
237924
237981
238011
238712
238736
239450
240209
240306
241413
241687
241801
242134
242346
242846
243008
243353
243815
244380
244568
246255
246360
246481
248725
249226
249267
250822
251544
251738
252497
252576
252720
253667
253976
254037
254188
256194
256381
257506
257745
258454
258572
258746
260169
260855
261300
261379
261497
261717
261893
262338
262870
262920
263894
263902
263997
265475
265954
266292
266753
266872
267332
267970
268115
268398
268433
268702
268723
268775
269497
270125
270159
270237
270349
271428
271653
271927
272151
272949
273260
273325
273563
273711
273734
274204
274433
274496
276413
276478
277478
278007
278209
279120
280071
280333
281914
281926
282067
282508
282682
282737
283568
283858
283899
283913
284195
284503
285121
285449
285752
285848
285930
286016
287067
287176
287199
287518
288033
288365
288926
289050
289694
289703
290673
290992
291113
291225
291320
292031
292482
292497
292567
292664
293113
293123
293419
293634
293784
294163
294205
294315
295561
296251
296424
296760
296899
297502
298049
298736
298751
298950
299079
299854
300033
300340
300424
300501
300683
300930
300976
301585
301901
302538
302626
306016
306546
307364
308123
308423
308885
308933
309039
309311
309745
310247
310297
310933
311626
312063
312317
312393
312439
312771
312973
313058
313313
313755
314318
314349
314711
315355
315558
315613
315886
315974
316516
316839
316843
316975
317007
317750
317883
317895
318029
318070
318623
318944
319522
320062
320241
320283
320974
321311
321395
321640
321752
322407
322737
323227
323333
323367
323396
323429
323862
323980
324367
324743
324841
325063
325999
326379
327844
328521
329191
329654
330193
330812
330878
331104
331455
331658
331736
331883
332329
332340
332460
334448
334468
334490
335272
336750
336835
337328
337368
337544
337970
338528
338852
339221
339234
339887
340629
341068
341744
341794
341830
341869
342728
343067
343286
343350
343644
344095
344627
345013
345785
345790
346991
347029
347148
347227
347290
347966
348016
348050
348702
348945
349335
349666
350383
351007
351256
351589
351605
352007
352060
352118
352558
352767
353671
353734
354628
355549
356250
356794
357857
357924
358134
358215
358363
358671
359192
359239
359534
360643
360900
360939
361666
361836
362978
363623
363723
363770
363808
363881
364219
364604
364635
364891
365331
365856
366426
367504
367529
368167
369464
371432
371907
373549
373698
374041
375095
375158
375463
375866
375931
375989
376332
377073
377234
377277
377364
378100
378129
379518
379743
379901
380611
380929
381519
382159
382890
383568
383746
383939
384619
384678
384806
384938
385201
385633
385645
386110
386249
386394
387028
387991
388173
388318
388690
388780
388938
389949
390862
391058
391705
391712
392365
394217
394229
394269
394317
394573
394629
395745
396297
396428
397483
397855
398011
398279
398794
399140
399256
399412
399554
400265
400316
400896
400910
401720
402274
402330
402566
403554
404237
404519
405052
405280
405334
406057
406127
406240
406559
407106
407666
407782
408586
409275
409283
410154
410667
410850
411523
411676
411755
411928
412843
413624
413713
413757
413784
414033
414500
414810
415286
415822
416549
416719
416825
416934
417357
417419
417667
417716
417879
418317
418357
419465
419881
419924
420078
420282
420631
420725
420853
421379
421472
421583
421917
422292
422611
422893
422981
423196
423283
423740
424091
424471
424727
425686
425918
426628
426901
426983
427865
428064
429019
429078
429719
430169
430172
430214
432090
432289
432646
433469
433970
434078
435137
435692
435981
436475
438089
438148
438367
438409
439411
439886
440346
440449
441107
441193
441434
441584
442468
443093
443691
444265
444564
445194
445233
445542
445732
446009
446012
446179
446491
446579
447263
447716
448624
449510
449672
450171
450888
452208
452868
452889
453791
454694
454740
455003
455448
456115
456626
456660
456770
456987
457669
457709
457737
458194
459118
459498
460014
460567
461578
461947
463279
464972
465385
465834
466006
467348
467492
467557
468337
468569
469596
470038
470145
470364
470461
470520
471829
472108
472550
472760
472949
473093
473498
474028
474065
474234
475357
475447
475837
475986
476054
476566
476913
477155
477837
478238
478533
478667
478795
478964
479037
479139
479775
479876
480108
480135
480369
480547
480744
480798
480919
481033
481098
481254
481525
481558
482160
482919
483213
483262
483569
483730
484017
484131
484154
484907
485500
485952
486204
486218
487000
488789
489165
489674
491774
492345
493059
493262
493905
493998
494614
496132
497756
497757
497963
498299
498944
499122
499126
499224
499361
499871
500243
500259
500300
500984
501430
501440
501493
501947
502049
502085
502153
503139
503464
503536
503820
504980
505052
505489
505545
506036
506134
506422
506623
507284
507489
508221
508476
508984
508990
510642
510744
511000
511152
512204
512403
512769
513062
513266
513532
514159
514443
514809
514871
515388
515485
515576
515620
516448
516589
516855
517376
518901
520668
520749
520869
521554
522084
522204
522332
523293
524393
524727
524746
524833
524986
524994
525318
525511
526074
526079
527541
527924
528423
528674
528710
529011
529056
529110
529465
530343
530416
530595
531134
531832
532148
533227
533570
533638
533701
534242
534321
534340
534438
534558
535451
536565
537513
537931
538249
539203
539619
539643
539957
540577
540772
541083
541654
543256
543571
544013
545123
545295
545459
545812
545900
546596
547387
547713
547779
548148
548254
548417
548872
549140
550973
551067
551241
551536
551822
552350
552564
552647
553667
553857
554567
555224
555592
555759
556177
556249
558158
558655
558787
558975
559562
559652
560622
560767
561077
561223
562228
562281
562663
562873
563731
564069
564288
564476
564962
564984
565031
565815
566431
567203
567951
568889
569650
570165
571725
572028
572181
572601
572992
573299
573833
574000
574811
574998
576640
577993
578192
578664
580480
581615
581877
582102
582119
582235
583188
583317
583423
584001
585320
585419
585635
586157
586999
587062
587191
587341
587894
587959
588336
589333
589605
590291
590588
590699
591197
591833
592656
593395
593761
594255
595329
595541
595556
596812
597636
598058
598607
598861
599433
599837
600351
601096
601151
601178
602041
603201
604786
605052
605504
605678
606665
606897
608579
608813
608851
609256
610611
610845
611018
611471
614950
615235
615492
616004
616518
616623
616685
617610
617626
617638
618234
618410
618597
619367
619958
619986
620306
620754
621148
621432
621632
621736
622476
623370
623372
624522
625105
625149
625238
626655
626950
628710
628801
628884
629293
629733
629846
630419
631527
632648
632707
634181
634858
635650
636045
636311
637290
637581
638165
638538
639198
639430
639869
639969
640068
640343
640429
640759
642639
644217
645406
645497
645747
646518
648146
650258
650961
651008
651024
651209
652252
652730
652795
653023
653671
653856
653917
654962
655449
655723
656583
656889
657621
658086
659471
660048
661230
661242
662614
662924
662991
665061
665315
665480
667079
667561
667821
668409
668883
669250
670030
670311
670799
671465
671538
671555
672005
672143
672563
673200
673462
675260
675763
675958
678557
678765
679872
680779
680845
681342
681397
681408
682957
683021
683218
684091
684791
684858
686528
687654
688825
688925
690012
690559
690937
691155
692707
693610
694232
694311
694375
694399
694758
694972
696351
696471
697664
697965
699048
699296
699333
699494
699979
700176
700526
700540
701308
701706
702130
702138
702781
703474
704461
705776
706600
707232
707492
707563
707747
708451
708461
708772
708950
709281
711395
711671
713212
713522
713612
714112
714117
714118
715308
715556
716033
717270
717892
718424
718832
719039
719762
720696
721127
721403
722607
722961
723548
723891
723906
723995
724042
724114
724561
724863
725367
725412
725693
725764
726374
726558
727345
728257
729047
729201
729524
729549
729701
729861
730239
730637
731006
731209
731466
731524
731905
732518
732941
734425
735511
736567
738068
738411
738415
738691
738934
740018
740532
741585
742859
743449
743554
743694
744315
745589
746358
746627
746868
746969
747696
747961
748627
748667
748714
748794
749103
749196
749546
750784
751116
751264
751786
752814
753367
754024
754361
754883
754888
757049
757989
758557
759357
759414
759650
759703
760008
760884
760938
763714
764233
766033
766128
766857
767168
767396
767467
767981
768425
768779
769160
769603
769821
769862
769953
771362
771363
772381
772575
772603
773283
773523
773873
774624
774862
775405
776120
776232
776293
776927
777073
777078
778330
778720
779008
779071
779441
780369
781597
781916
781942
782121
782241
783218
784353
785132
785211
785763
786025
786414
786447
786823
787180
787273
787341
789250
789375
790833
791212
791478
791583
791626
791801
792078
792133
792527
793320
793828
793934
794934
795011
795227
795702
796539
796911
797888
798417
799085
799610
800008
800618
801114
801895
802168
802467
802476
803290
803808
804205
804807
804873
805070
805239
805262
805739
805807
805818
805888
805890
806366
806413
806514
806702
807267
807313
807845
809295
810503
810709
811220
811487
811572
811726
812139
812493
813527
813659
814851
815101
815484
816338
817444
817613
817888
817973
818453
818590
819339
819370
819407
819741
819852
820377
820731
820813
820899
821424
821818
821907
822213
822873
824115
824906
826419
828890
829123
829673
829847
830740
831562
831617
831741
831840
832191
832407
832505
833058
833198
833319
833862
833866
833928
834106
834256
834751
834850
835445
836222
836408
836708
837966
838425
838521
839059
839085
839531
839612
839730
839801
840458
841046
841208
841731
842342
843230
843248
843313
843935
844025
844855
845073
845475
845645
845892
845964
846025
846104
846160
846348
846790
847375
849241
850298
850561
850958
851064
851408
851643
851708
852693
853056
853098
853749
855315
855892
856382
856436
856481
857613
858028
858855
859142
859249
859857
860147
860648
860730
860900
861295
863074
863526
864247
864391
864850
864997
865232
865799
866074
866398
866684
867712
867845
867931
868317
868712
869447
869565
869704
869910
869994
870111
870128
870245
870862
870960
870999
872399
872461
873280
873635
873672
874123
874731
874816
874867
875526
875634
876106
876266
876661
876743
878085
879106
880110
880378
880712
880754
880854
881775
882076
882485
883939
884689
884912
885203
886345
886350
886525
886669
886774
887201
887429
887438
887835
888102
889481
889794
891142
891591
892269
893131
894177
894387
894445
894818
895573
896711
896714
896727
897044
898380
899735
900325
900434
900951
901316
901475
901488
901498
902017
902101
902456
902544
903039
903399
903921
905591
907774
908020
908052
908217
908361
908824
908837
908976
909190
909662
910259
910346
910979
911067
911416
912227
912303
912394
912574
912674
913079
913290
913476
913839
914245
915602
915613
915992
916008
916140
916358
916825
916837
916855
917160
918176
918207
918373
918481
918833
919082
919432
919444
919472
919633
920847
920903
921141
922555
923286
923819
924181
924224
924279
924398
924463
925346
925987
927206
929246
929328
929384
929933
930477
930602
930609
931644
932109
933537
934968
935664
936836
936846
937295
937331
937634
937844
939007
939135
939329
939497
939943
939946
940284
940359
940652
940943
942490
943477
943655
943981
944037
944109
944332
944671
945698
946164
946307
946412
946429
946489
946904
947067
947181
947317
947462
948295
948307
948939
949473
949984
951037
952535
952685
952949
953820
954461
954537
954816
955955
956388
956838
956899
957770
958102
958155
958482
958718
959172
960118
960152
960607
961043
961192
961223
961682
962142
962426
963950
964197
964484
964744
965029
965173
966565
966820
967472
968258
968361
968414
968658
968955
969075
969262
969371
969471
969687
970815
971845
972493
972628
973111
973555
974675
975849
976052
976239
976734
976859
977712
977740
979149
979392
979636
979760
981490
982121
982826
983234
983418
983537
984817
985397
986017
986324
986485
987029
987183
987715
987929
988281
988617
988804
989027
989327
990123
990376
990631
990707
990990
991429
991572
991703
992064
992220
992891
993085
993111
993229
993411
993624
994244
994596
996002
996362
996625
997053
997668
997896
998022
998139
998276
999569
1000005
1001267
1001291
1001331
1001455
1001697
1002050
1002230
1002579
1003964
1004264
1004356
1004391
1005165
1005930
1006227
1007063
1007364
1007676
1007780
1008300
1008450
1008910
1008929
1008978
1009485
1009489
1009656
1010571
1011021
1011449
1012445
1013220
1013333
1013690
1013734
1013986
1014427
1015387
1015398
1015670
1016200
1017337
1017342
1017431
1018064
1018095
1018406
1018762
1019211
1019217
1019360
1019457
1019873
1020048
1021339
1022671
1023263
1023660
1024088
1024599
1024955
1025098
1026099
1026143
1026422
1026666
1028743
1028950
1029357
1030445
1030501
1031371
1031409
1031448
1031726
1032003
1032593
1033752
1034552
1035137
1035500
1035748
1036023
1038699
1038882
1039468
1039639
1040820
1040868
1041662
1042033
1042035
1042338
1042875
1043147
1043628
1044425
1044437
1044859
1045299
1046109
1046255
1046662
1046864
1047768
1048157
1048378
1048675
1048703
1048721
1048913
1049009
1049072
1049285
1050196
1050601
1050602
1051642
1052278
1052472
1052498
1053312
1053508
1054502
1054617
1054828
1054959
1055545
1055963
1056438
1057022
1057185
1057232
1058294
1059853
1060446
1060929
1061514
1061636
1062363
1062481
1062650
1063046
1063669
1064104
1064616
1066490
1066520
1066673
1066991
1067022
1067187
1067224
1067281
1067687
1068127
1068252
1068366
1068561
1068704
1069783
1070143
1070999
1071257
1072210
1072721
1074092
1074341
1075185
1075672
1076161
1076385
1076532
1077602
1077874
1079984
1080884
1080885
1080904
1080967
1081522
1081707
1081941
1082087
1082456
1083260
1084153
1085864
1086876
1086984
1087026
1087546
1087585
1088855
1089271
1089400
1090794
1091036
1091201
1093936
1094261
1094553
1094805
1095343
1095504
1095571
1095970
1096789
1097698
1098347
1100351
1100526
1101108
1101137
1101499
1101831
1101861
1101952
1102569
1102912
1103075
1103389
1105170
1105700
1105739
1106016
1106497
1107585
1107712
1107906
1107907
1107988
1108359
1108513
1108568
1109012
1109254
1109401
1110126
1110492
1110616
1110789
1111286
1111671
1112564
1112860
1113402
1113621
1114444
1116049
1116771
1116800
1116906
1116924
1117073
1117353
1117505
1117708
1119131
1119523
1120917
1121158
1121265
1122189
1123094
1123713
1125035
1125394
1125907
1126668
1127045
1128255
1129949
1130115
1130346
1131407
1132987
1133019
1133481
1133961
1134065
1135563
1135799
1135918
1136247
1136495
1137136
1137774
1139332
1139689
1140011
1140211
1141282
1141681
1141950
1142906
1143807
1143850
1145573
1145682
1147473
1147723
1148719
1149787
1150023
1150388
1150771
1150928
1151046
1151755
1151782
1152168
1153142
1154190
1154828
1154965
1155922
1155939
1156096
1156231
1156454
1156652
1156863
1157371
1157811
1157893
1158332
1158374
1158445
1158709
1158755
1158772
1158871
1159168
1160103
1160521
1160874
1160927
1161354
1161941
1162163
1162376
1162464
1162574
1164016
1164474
1164765
1164837
1165824
1165953
1166071
1166072
1166589
1167054
1167134
1167402
1167879
1168583
1169314
1169588
1170255
1170506
1170730
1171219
1171440
1171587
1171788
1173176
1174646
1174938
1175147
1175174
1175228
1175418
1176568
1176632
1176893
1177594
1178156
1178162
1178477
1178591
1178651
1179340
1179529
1179812
1180475
1181460
1181531
1181704
1182443
1182972
1183248
1183504
1183871
1184000
1184029
1184162
1184363
1184447
1184567
1184970
1185800
1185829
1186137
1186156
1187191
1187217
1187319
1187728
1188491
1188750
1189312
1189412
1189590
1189639
1190318
1190820
1191187
1191361
1192655
1192796
1192958
1193091
1193695
1193857
1194159
1194173
1194268
1195023
1195573
1195613
1196365
1197092
1197354
1197544
1197879
1197942
1198506
1199132
1199252
1199721
1200494
1200607
1200699
1200908
1201022
1201040
1201389
1202294
1202326
1202469
1202990
1203866
1204893
1204909
1205371
1205462
1205885
1206053
1206339
1208113
1208421
1208583
1208613
1208691
1209284
1209370
1209543
1210426
1210652
1210793
1210969
1210976
1211034
1211110
1211438
1212558
1212559
1213120
1213425
1214093
1215050
1216920
1217058
1217555
1217952
1218425
1218597
1218856
1219498
1220475
1221440
1221738
1226646
1226838
1228410
1228460
1228699
1229729
1229785
1229848
1230624
1231699
1232197
1232319
1233060
1233196
1233313
1234347
1234522
1234593
1234641
1235243
1235598
1236257
1236984
1236998
1237726
1238971
1241117
1243209
1243891
1244560
1245167
1245766
1245818
1245895
1246035
1248262
1248279
1248484
1248524
1248681
1248904
1249297
1249551
1249694
1250478
1250548
1250779
1252233
1252958
1253444
1253461
1253885
1254548
1254590
1254760
1255123
1255282
1257102
1258071
1258763
1259150
1260500
1261306
1261826
1262402
1263629
1265176
1266371
1267167
1268227
1268460
1268582
1268849
1269250
1269357
1269859
1270420
1270432
1272042
1272369
1272568
1273503
1274885
1274965
1275052
1276132
1277096
1277255
1277286
1277924
1278895
1279050
1279874
1282136
1282230
1282708
1283713
1284081
1285680
1286468
1286692
1287059
1287806
1287872
1287892
1288024
1288046
1288155
1291082
1291232
1292068
1292375
1292502
1293675
1293917
1294017
1294161
1294643
1294669
1295045
1295564
1295736
1297046
1297788
1298097
1298401
1298456
1298839
1299750
1300076
1300415
1301100
1301445
1302287
1302531
1303722
1304595
1305936
1305939
1306603
1306680
1306877
1306892
1307284
1307304
1307871
1309001
1309610
1310311
1311504
1311690
1311816
1312272
1312360
1312506
1312769
1312917
1313187
1313327
1313391
1313902
1313993
1314075
1314568
1315204
1315450
1315540
1315697
1316748
1316883
1317163
1317376
1317490
1317995
1318201
1318435
1318707
1319884
1320072
1321026
1321101
1321233
1321270
1321608
1321650
1321975
1322006
1322349
1322547
1322565
1324060
1324758
1324927
1325099
1325124
1325288
1325497
1326441
1326987
1327112
1327830
1328971
1329018
1329427
1329480
1330079
1331338
1331500
1331742
1333255
1333376
1333515
1335190
1336117
1337022
1337102
1337566
1338208
1338806
1339051
1339479
1339936
1340354
1340501
1340545
1340843
1340919
1340923
1341355
1342160
1342798
1343132
1343267
1343336
1343915
1344491
1346018
1346301
1347348
1347602
1347936
1349095
1349119
1349401
1349820
1349908
1349945
1350202
1351514
1352084
1352358
1352431
1353015
1353119
1353419
1353679
1353942
1354666
1354946
1356053
1356083
1356747
1356989
1357495
1357708
1357951
1358661
1358788
1359192
1359446
1362114
1362641
1362679
1363458
1364858
1365336
1365462
1366240
1366382
1366578
1367131
1367162
1367172
1367769
1369718
1369810
1370196
1370281
1371003
1371817
1371942
1371991
1372138
1372150
1372329
1372363
1373411
1375081
1375347
1375732
1376242
1376303
1376658
1377851
1378276
1378298
1378501
1378917
1379598
1379657
1380312
1380375
1380377
1380501
1380745
1381266
1381339
1381515
1381575
1382788
1383010
1383697
1383862
1384034
1384265
1384413
1385059
1385589
1386410
1387233
1387297
1387738
1387977
1388385
1388622
1388673
1389377
1389859
1389902
1389956
1390421
1391082
1391094
1391892
1392207
1392288
1392415
1393332
1393367
1394124
1394399
1394671
1394831
1394905
1395248
1395556
1395831
1396207
1396430
1396446
1396904
1397285
1397290
1397788
1398472
1398480
1398704
1398889
1398919
1398934
1399275
1399944
1400332
1401075
1402285
1402883
1403032
1403137
1403557
1403718
1404362
1404479
1404549
1404620
1404860
1405392
1406066
1406083
1406187
1406666
1406901
1407148
1407151
1407155
1408225
1408417
1408808
1408926
1409317
1409397
1409725
1409731
1409885
1410239
1410316
1410353
1410986
1412112
1412231
1412600
1413361
1413512
1413523
1413543
1414283
1414359
1414616
1415237
1415400
1415555
1416506
1416635
1417281
1418154
1418631
1419106
1419600
1420036
1420320
1420336
1420840
1421002
1421014
1421116
1422912
1423001
1423199
1423201
1423490
1423944
1424427
1424528
1425249
1425704
1426669
1426705
1427209
1427305
1427874
1428004
1428372
1428398
1428806
1428897
1430142
1430668
1431397
1433068
1433089
1433542
1434177
1434360
1434524
1434681
1435268
1435379
1435715
1435956
1436648
1437094
1437119
1437341
1437359
1437362
1438200
1439182
1440916
1441069
1441150
1441379
1442408
1443191
1443386
1443515
1444044
1444156
1444204
1444671
1444689
1444706
1445473
1445711
1445986
1446322
1446521
1447159
1448019
1448099
1448623
1448868
1448926
1449050
1449404
1449492
1449726
1451444
1453663
1453673
1453757
1454665
1455039
1455092
1455493
1455543
1455593
1455960
1456042
1456104
1457355
1457602
1458392
1459165
1461103
1461947
1463771
1463906
1463925
1464295
1464918
1465144
1465357
1465472
1465911
1466159
1466459
1466591
1466971
1467046
1467142
1467417
1467523
1468066
1469249
1470075
1470515
1470661
1471057
1471151
1471582
1472311
1472649
1473481
1474465
1474722
1475947
1476424
1476746
1476935
1477343
1477397
1477503
1477519
1478143
1478282
1479417
1479758
1479912
1480780
1480917
1481276
1481356
1481752
1482820
1484195
1485607
1486860
1487049
1487096
1487122
1487861
1487932
1488114
1488382
1488530
1490090
1490256
1490559
1491297
1492180
1492647
1492847
1493006
1493836
1494395
1494455
1494817
1494835
1495469
1495825
1496894
1496916
1496998
1497995
1498017
1498141
1498324
1498741
1499169
1499298
1499976
1500056
1500080
1500292
1500639
1501296
1501418
1502255
1503030
1504293
1504577
1504673
1504784
1505154
1505317
1505364
1505777
1505915
1506162
1506528
1506629
1507411
1507635
1507700
1508472
1509318
1509718
1509875
1509958
1510098
1510371
1510719
1510980
1511426
1512131
1512526
1512552
1512916
1513235
1513735
1514088
1514142
1514338
1514753
1516371
1516442
1516888
1517220
1517729
1518076
1518720
1519300
1519502
1519919
1520327
1521929
1522061
1522120
1522333
1522974
1523224
1523283
1524079
1524081
1524303
1524390
1524498
1524590
1525718
1526195
1527542
1527741
1528207
1528290
1528530
1528575
1529983
1530756
1531613
1532117
1532474
1533462
1533951
1534465
1534552
1535188
1536043
1536498
1536700
1536777
1536912
1536925
1537044
1537827
1538524
1539577
1540243
1540634
1541203
1541222
1541406
1543335
1544715
1544797
1545958
1546260
1546665
1547604
1547720
1548243
1548487
1548526
1548745
1550214
1550387
1550632
1550761
1551069
1551980
1552261
1552309
1553221
1553843
1554088
1555333
1555337
1555963
1556721
1556857
1556977
1556986
1557268
1557457
1557913
1558356
1558557
1558719
1558961
1559007
1559701
1560255
1560518
1561150
1561183
1561859
1562816
1562897
1563431
1563440
1563735
1564879
1565335
1566250
1566435
1567295
1567878
1568273
1568651
1569004
1569320
1569438
1570333
1572260
1573281
1573390
1573824
1574575
1574981
1575648
1575846
1576046
1576292
1576381
1577093
1577814
1577997
1578266
1579156
1579416
1579973
1580383
1580517
1581087
1581191
1581199
1581212
1581222
1581581
1582991
1583841
1584548
1585552
1585875
1586661
1587565
1587707
1587728
1587766
1588416
1590824
1590864
1591688
1592023
1592157
1592666
1593628
1594598
1594921
1595316
1595322
1595377
1595691
1596818
1597791
1597852
1597925
1598242
1598612
1598687
1598950
1599532
1599675
1599942
1600742
1601272
1601590
1601989
1602249
1602319
1603934
1604322
1605666
1606461
1606828
1606955
1607583
1608114
1608734
1609114
1609853
1610882
1611562
1611905
1613322
1613608
1614080
1614304
1614616
1615111
1615192
1615990
1616026
1616533
1617236
1617489
1617630
1618110
1619014
1619202
1619970
1620214
1620774
1621767
1622242
1622431
1623160
1623245
1623545
1623862
1624119
1624164
1624608
1624885
1625270
1626658
1627979
1628067
1628881
1629582
1630469
1631695
1632195
1632694
1632944
1634531
1635398
1636025
1636261
1636521
1636774
1637599
1638540
1638587
1639071
1640944
1642175
1642677
1642812
1642931
1643885
1643919
1644360
1644620
1645092
1645234
1646476
1647326
1648631
1649680
1650016
1650663
1653050
1654277
1654315
1654485
1654538
1655455
1656169
1656400
1657042
1658203
1659540
1659563
1659962
1660997
1661644
1661797
1662432
1663185
1666756
1668083
1668161
1668352
1668716
1668852
1669324
1669976
1670454
1671080
1671273
1671565
1673229
1673595
1673611
1674042
1674395
1675184
1675367
1675715
1675740
1676010
1676138
1676390
1676717
1676728
1677444
1677636
1677732
1678254
1679934
1681027
1681200
1682037
1682313
1682623
1683181
1683347
1683443
1683725
1684958
1685499
1687407
1687987
1688782
1689209
1690199
1690228
1691062
1691377
1692739
1693393
1693630
1693887
1693927
1694673
1694763
1695011
1695822
1695972
1696055
1696472
1696616
1697018
1697826
1698923
1698959
1698979
1700366
1700529
1700681
1700900
1700942
1701017
1701333
1701416
1701482
1702316
1702399
1702553
1702725
1703045
1703317
1704981
1705166
1705823
1706039
1706353
1706912
1707557
1707917
1708795
1708948
1709549
1709672
1709784
1709912
1710228
1710407
1710551
1710744
1711083
1711108
1711313
1712198
1713038
1713190
1713376
1713675
1713780
1714001
1714183
1714540
1714828
1718403
1718928
1720124
1720534
1721685
1721727
1721896
1724688
1725260
1725757
1726088
1726491
1726599
1726718
1727896
1728046
1728763
1729033
1729375
1729431
1729531
1729763
1730159
1731202
1731918
1731998
1732188
1732939
1733769
1734029
1734209
1734715
1735142
1735300
1735612
1735822
1735830
1736069
1736180
1736251
1737558
1737591
1738078
1738745
1739583
1739675
1740167
1741469
1741570
1741705
1741928
1742161
1742728
1742875
1743210
1744077
1744228
1744436
1744505
1744507
1745457
1746057
1746079
1746082
1746233
1746281
1746801
1747826
1749237
1749513
1749541
1749645
1749711
1750289
1750457
1750861
1751380
1752248
1752776
1753081
